id	freq_TA	freq_TG	mllk_TA_TG	enrichment
rs12354980:95951880:A:G	0.724	0.201	58.036	3.602
rs10882403:95952031:A:G	0.727	0.236	50.186	3.081
rs200772517:95952648:CCG:C	0.727	0.204	57.964	3.564
rs200617481:95952655:CA:C	0.727	0.204	57.964	3.564
rs58573736:95952772:G:A	0.727	0.204	57.964	3.564
rs17093867:95952934:G:A	0.727	0.204	57.964	3.564
rs10786155:95963601:G:A	0.727	0.204	57.964	3.564
rs942676:96076495:C:G	0.888	0.113	140.083	7.858
rs147083197:96101002:A:ATAGTT	0.807	0.11	112.736	7.336
rs10882445:96137718:G:A	0.876	0.11	136.922	7.964
rs2477534:96163039:C:G	0.902	0.148	129.922	6.095
rs10882455:96201615:A:G	0.894	0.107	144.911	8.355
rs11492628:96215240:G:A	0.98	0.464	71.734	2.112
rs11187961:96217909:A:G	0.98	0.454	73.663	2.159
rs11188006:96287257:G:T	0.974	0.103	186.091	9.456
rs17519764:96346949:C:T	0.98	0.098	192.357	10
rs7072154:96424673:G:C	0.848	0.209	88.491	4.057
rs34117282:96500263:C:CT	0.402	0.981	104.837	0.41
rs9332197:96740908:T:C	0.293	0.001	50.506	293
rs7917992:96760637:A:G	0.945	0.421	66.339	2.245
rs3059030:96767445:T:TTA	0.934	0.416	63.401	2.245
rs11188130:96767767:A:C	0.948	0.423	67.091	2.241
rs11188132:96771630:G:T	0.779	0.02	158.146	38.95
rs2860976:96789846:C:A	0.914	0.417	56.59	2.192
rs11188169:96823016:G:A	0.911	0.411	57.186	2.217
rs11188172:96831207:C:T	0.888	0.412	50.373	2.155
rs3059065:96833798:TAGTC:T	0.948	0.475	56.273	1.996
rs7902259:96839869:C:T	0.948	0.472	57.058	2.008
rs140912238:96840245:C:T	0.888	0.412	50.373	2.155
rs11188175:96840705:T:G	0.888	0.413	50.039	2.15
rs4643012:96844686:T:C	0.931	0.472	51.276	1.972
rs2901814:96845311:A:T	0.943	0.461	57.193	2.046
rs59503690:96845663:CTT:C	0.948	0.475	56.273	1.996
rs1326827:96848147:A:T	0.948	0.475	56.273	1.996
rs561418070;rs554158751:96848955:TA:TAA	0.928	0.461	52.303	2.013
rs4917678:96851966:A:G	0.888	0.412	50.373	2.155
rs1575931:96875209:G:C	0.566	0.016	98.807	35.375
rs11188203:96902153:T:A	0.566	0.017	97.72	33.294
rs142318312:96921873:G:T	0.486	0.02	75.96	24.3
rs11593023:96957177:G:A	0.891	0.411	51.354	2.168
rs11188249:97010379:A:G	0.552	0.019	92.988	29.053
rs12358530:97021876:A:G	0.549	0.019	92.296	28.895
